mitekudasai000041AI,0,201,200,200
mitekudasai000042L,804,402,200,200
mitekudasai000043L,201,0,200,200
mitekudasai000000etc,201,201,200,200
mitekudasai000001etc,0,402,200,200
mitekudasai000002AI,201,402,200,200
mitekudasai000003AI,402,0,200,200
mitekudasai000004L,402,201,200,200
mitekudasai000005L,402,402,200,200
mitekudasai000006O,0,603,200,200
mitekudasai000007O,201,603,200,200
mitekudasai000008WQ,402,603,200,200
mitekudasai000009WQ,603,0,200,200
mitekudasai000010E,603,201,200,200
mitekudasai000011E,603,402,200,200
mitekudasai000012L,603,603,200,200
mitekudasai000013L,0,804,200,200
mitekudasai000014etc,201,804,200,200
mitekudasai000015etc,402,804,200,200
mitekudasai000016etc,603,804,200,200
mitekudasai000017etc,804,0,200,200
mitekudasai000018U,804,201,200,200
mitekudasai000019U,0,0,200,200
mitekudasai000020AI,804,603,200,200
mitekudasai000021AI,804,804,200,200
mitekudasai000022etc,0,1005,200,200
mitekudasai000023etc,201,1005,200,200
mitekudasai000024etc,402,1005,200,200
mitekudasai000025etc,603,1005,200,200
mitekudasai000026O,804,1005,200,200
mitekudasai000027O,1005,0,200,200
mitekudasai000028MBP,1005,201,200,200
mitekudasai000029MBP,1005,402,200,200
mitekudasai000030etc,1005,603,200,200
mitekudasai000031etc,1005,804,200,200
mitekudasai000032U,1005,1005,200,200
mitekudasai000033U,0,1206,200,200
mitekudasai000034etc,201,1206,200,200
mitekudasai000035etc,402,1206,200,200
mitekudasai000036AI,603,1206,200,200
mitekudasai000037AI,804,1206,200,200
mitekudasai000038FV,1005,1206,200,200
mitekudasai000039FV,1206,0,200,200
mitekudasai000040AI,1206,201,200,200